# oST version 5.0 parameters


[image]

width
640

height
480

[narrow_stereo]

camera matrix
390.506592 0.000000 319.748929
0.000000 521.227609 205.465071
0.000000 0.000000 1.000000

distortion
-0.329103 0.103488 0.000161 -0.002044 0.000000

rectification
1.000000 0.000000 0.000000
0.000000 1.000000 0.000000
0.000000 0.000000 1.000000

projection
295.207947 0.000000 315.856260 0.000000
0.000000 478.913666 199.615637 0.000000
0.000000 0.000000 1.000000 0.000000
