# oST version 5.0 parameters


[image]

width
640

height
360

[narrow_stereo]

camera matrix
589.663844 0.000000 317.983098
0.000000 590.299366 177.423471
0.000000 0.000000 1.000000

distortion
-0.082179 0.264423 -0.004658 0.001626 0.000000

rectification
1.000000 0.000000 0.000000
0.000000 1.000000 0.000000
0.000000 0.000000 1.000000

projection
595.173645 0.000000 318.954654 0.000000
0.000000 595.587463 175.982257 0.000000
0.000000 0.000000 1.000000 0.000000
