# oST version 5.0 parameters


[image]

width
640

height
480

[narrow_stereo]

camera matrix
390.356649 0.000000 314.139447
0.000000 520.774077 212.025163
0.000000 0.000000 1.000000

distortion
-0.324268 0.092219 -0.001476 -0.000715 0.000000

rectification
1.000000 0.000000 0.000000
0.000000 1.000000 0.000000
0.000000 0.000000 1.000000

projection
289.567139 0.000000 309.817903 0.000000
0.000000 479.184845 206.496476 0.000000
0.000000 0.000000 1.000000 0.000000
