# oST version 5.0 parameters


[image]

width
640

height
360

[narrow_stereo]

camera matrix
398.830169 0.000000 318.102783
0.000000 398.590191 158.716885
0.000000 0.000000 1.000000

distortion
-0.325359 0.101243 -0.002493 0.000850 0.000000

rectification
1.000000 0.000000 0.000000
0.000000 1.000000 0.000000
0.000000 0.000000 1.000000

projection
304.995850 0.000000 318.875427 0.000000
0.000000 368.067108 154.439931 0.000000
0.000000 0.000000 1.000000 0.000000
