# oST version 5.0 parameters


[image]

width
640

height
480

[narrow_stereo]

camera matrix
388.000108 0.000000 314.771454
0.000000 518.326315 207.366635
0.000000 0.000000 1.000000

distortion
-0.315166 0.089701 0.000613 -0.000180 0.000000

rectification
1.000000 0.000000 0.000000
0.000000 1.000000 0.000000
0.000000 0.000000 1.000000

projection
291.059814 0.000000 311.982160 0.000000
0.000000 477.878296 202.179011 0.000000
0.000000 0.000000 1.000000 0.000000
