# oST version 5.0 parameters


[image]

width
640

height
360

[narrow_stereo]

camera matrix
401.209879 0.000000 315.553235
0.000000 400.908697 166.395830
0.000000 0.000000 1.000000

distortion
-0.322257 0.095476 -0.002642 -0.001059 0.000000

rectification
1.000000 0.000000 0.000000
0.000000 1.000000 0.000000
0.000000 0.000000 1.000000

projection
305.400604 0.000000 311.375763 0.000000
0.000000 371.827942 163.345655 0.000000
0.000000 0.000000 1.000000 0.000000
